Terminal S Parameter Plot1
Freq [GHz]
Y Axis
__cartesian__ 0 0 3.000000 -14.867033 6.000000 -0.315332
__settings__ 1 0 0 0 11 11 0 0 0 0
3 -8.23653
3.015 -8.35271
3.03 -8.46994
3.045 -8.58822
3.06 -8.70753
3.075 -8.82787
3.09 -8.94922
3.105 -9.07156
3.12 -9.19488
3.135 -9.31914
3.15 -9.44433
3.165 -9.57043
3.18 -9.69739
3.195 -9.82519
3.21 -9.95379
3.225 -10.0832
3.24 -10.2132
3.255 -10.344
3.27 -10.4753
3.285 -10.6072
3.3 -10.7396
3.315 -10.8725
3.33 -11.0056
3.345 -11.1391
3.36 -11.2727
3.375 -11.4064
3.39 -11.54
3.405 -11.6736
3.42 -11.8069
3.435 -11.9398
3.45 -12.0722
3.465 -12.2039
3.48 -12.3349
3.495 -12.4648
3.51 -12.5936
3.525 -12.7211
3.54 -12.8471
3.555 -12.9713
3.57 -13.0936
3.585 -13.2138
3.6 -13.3316
3.615 -13.4468
3.63 -13.5592
3.645 -13.6684
3.66 -13.7744
3.675 -13.8767
3.69 -13.9753
3.705 -14.0698
3.72 -14.1599
3.735 -14.2455
3.75 -14.3264
3.765 -14.4022
3.78 -14.4728
3.795 -14.5381
3.81 -14.5978
3.825 -14.6517
3.84 -14.6999
3.855 -14.742
3.87 -14.7781
3.885 -14.8082
3.9 -14.832
3.915 -14.8498
3.93 -14.8614
3.945 -14.867
3.96 -14.8666
3.975 -14.8603
3.99 -14.8483
4.005 -14.8306
4.02 -14.8075
4.035 -14.7792
4.05 -14.7457
4.065 -14.7074
4.08 -14.6645
4.095 -14.6171
4.11 -14.5656
4.125 -14.5102
4.14 -14.451
4.155 -14.3885
4.17 -14.3227
4.185 -14.254
4.2 -14.1825
4.215 -14.1086
4.23 -14.0323
4.245 -13.954
4.26 -13.8738
4.275 -13.792
4.29 -13.7087
4.305 -13.624
4.32 -13.5383
4.335 -13.4515
4.35 -13.364
4.365 -13.2757
4.38 -13.1869
4.395 -13.0977
4.41 -13.0081
4.425 -12.9184
4.44 -12.8285
4.455 -12.7386
4.47 -12.6488
4.485 -12.5591
4.5 -12.4697
4.515 -12.3805
4.53 -12.2916
4.545 -12.2032
4.56 -12.1152
4.575 -12.0277
4.59 -11.9407
4.605 -11.8543
4.62 -11.7685
4.635 -11.6833
4.65 -11.5988
4.665 -11.5149
4.68 -11.4318
4.695 -11.3494
4.71 -11.2677
4.725 -11.1867
4.74 -11.1065
4.755 -11.0271
4.77 -10.9485
4.785 -10.8706
4.8 -10.7935
4.815 -10.7172
4.83 -10.6417
4.845 -10.567
4.86 -10.4931
4.875 -10.42
4.89 -10.3477
4.905 -10.2762
4.92 -10.2054
4.935 -10.1355
4.95 -10.0663
4.965 -9.99788
4.98 -9.93025
4.995 -9.86337
5.01 -9.79726
5.025 -9.7319
5.04 -9.66729
5.055 -9.60341
5.07 -9.54027
5.085 -9.47785
5.1 -9.41615
5.115 -9.35516
5.13 -9.29487
5.145 -9.23528
5.16 -9.17637
5.175 -9.11815
5.19 -9.06059
5.205 -9.0037
5.22 -8.94747
5.235 -8.89188
5.25 -8.83694
5.265 -8.78263
5.28 -8.72894
5.295 -8.67586
5.31 -8.6234
5.325 -8.57154
5.34 -8.52027
5.355 -8.46959
5.37 -8.41948
5.385 -8.36995
5.4 -8.32098
5.415 -8.27256
5.43 -8.2247
5.445 -8.17737
5.46 -8.13058
5.475 -8.08431
5.49 -8.03857
5.505 -7.99333
5.52 -7.94861
5.535 -7.90438
5.55 -7.86065
5.565 -7.8174
5.58 -7.77463
5.595 -7.73233
5.61 -7.69051
5.625 -7.64914
5.64 -7.60822
5.655 -7.56776
5.67 -7.52774
5.685 -7.48815
5.7 -7.449
5.715 -7.41027
5.73 -7.37196
5.745 -7.33406
5.76 -7.29658
5.775 -7.25949
5.79 -7.22281
5.805 -7.18651
5.82 -7.15061
5.835 -7.11509
5.85 -7.07994
5.865 -7.04517
5.88 -7.01077
5.895 -6.97673
5.91 -6.94305
5.925 -6.90973
5.94 -6.87675
5.955 -6.84413
5.97 -6.81184
5.985 -6.77989
6 -6.74827
dB(St(FloquetPort1:1,FloquetPort1:1)) []
__settings__ -1 8 2 0 1 1
3 -0.847508
3.015 -0.827853
3.03 -0.808643
3.045 -0.789875
3.06 -0.771544
3.075 -0.753647
3.09 -0.736178
3.105 -0.719134
3.12 -0.702512
3.135 -0.686306
3.15 -0.670512
3.165 -0.655127
3.18 -0.640146
3.195 -0.625566
3.21 -0.611381
3.225 -0.597588
3.24 -0.584183
3.255 -0.571161
3.27 -0.558518
3.285 -0.54625
3.3 -0.534353
3.315 -0.522823
3.33 -0.511655
3.345 -0.500845
3.36 -0.490389
3.375 -0.480284
3.39 -0.470524
3.405 -0.461106
3.42 -0.452025
3.435 -0.443277
3.45 -0.434859
3.465 -0.426765
3.48 -0.418993
3.495 -0.411537
3.51 -0.404394
3.525 -0.39756
3.54 -0.39103
3.555 -0.384801
3.57 -0.378869
3.585 -0.373229
3.6 -0.367877
3.615 -0.362811
3.63 -0.358024
3.645 -0.353515
3.66 -0.349278
3.675 -0.345311
3.69 -0.341608
3.705 -0.338167
3.72 -0.334983
3.735 -0.332053
3.75 -0.329372
3.765 -0.326938
3.78 -0.324746
3.795 -0.322793
3.81 -0.321076
3.825 -0.319589
3.84 -0.31833
3.855 -0.317296
3.87 -0.316483
3.885 -0.315886
3.9 -0.315504
3.915 -0.315332
3.93 -0.315366
3.945 -0.315605
3.96 -0.316043
3.975 -0.316678
3.99 -0.317507
4.005 -0.318526
4.02 -0.319731
4.035 -0.321121
4.05 -0.322691
4.065 -0.324439
4.08 -0.326362
4.095 -0.328455
4.11 -0.330717
4.125 -0.333144
4.14 -0.335734
4.155 -0.338482
4.17 -0.341388
4.185 -0.344447
4.2 -0.347656
4.215 -0.351014
4.23 -0.354517
4.245 -0.358162
4.26 -0.361947
4.275 -0.365869
4.29 -0.369925
4.305 -0.374113
4.32 -0.37843
4.335 -0.382874
4.35 -0.387442
4.365 -0.392132
4.38 -0.396941
4.395 -0.401866
4.41 -0.406906
4.425 -0.412058
4.44 -0.41732
4.455 -0.422689
4.47 -0.428164
4.485 -0.433741
4.5 -0.439419
4.515 -0.445196
4.53 -0.451069
4.545 -0.457036
4.56 -0.463095
4.575 -0.469245
4.59 -0.475482
4.605 -0.481806
4.62 -0.488214
4.635 -0.494704
4.65 -0.501275
4.665 -0.507924
4.68 -0.514649
4.695 -0.52145
4.71 -0.528323
4.725 -0.535267
4.74 -0.542281
4.755 -0.549362
4.77 -0.55651
4.785 -0.563721
4.8 -0.570996
4.815 -0.578331
4.83 -0.585726
4.845 -0.593179
4.86 -0.600688
4.875 -0.608253
4.89 -0.61587
4.905 -0.623539
4.92 -0.631259
4.935 -0.639027
4.95 -0.646843
4.965 -0.654706
4.98 -0.662613
4.995 -0.670563
5.01 -0.678556
5.025 -0.686589
5.04 -0.694662
5.055 -0.702774
5.07 -0.710922
5.085 -0.719106
5.1 -0.727325
5.115 -0.735578
5.13 -0.743862
5.145 -0.752178
5.16 -0.760524
5.175 -0.768899
5.19 -0.777301
5.205 -0.785731
5.22 -0.794186
5.235 -0.802666
5.25 -0.81117
5.265 -0.819696
5.28 -0.828244
5.295 -0.836813
5.31 -0.845401
5.325 -0.854009
5.34 -0.862634
5.355 -0.871277
5.37 -0.879935
5.385 -0.888609
5.4 -0.897298
5.415 -0.906
5.43 -0.914715
5.445 -0.923441
5.46 -0.932179
5.475 -0.940928
5.49 -0.949686
5.505 -0.958452
5.52 -0.967227
5.535 -0.97601
5.55 -0.984799
5.565 -0.993594
5.58 -1.00239
5.595 -1.0112
5.61 -1.02001
5.625 -1.02882
5.64 -1.03764
5.655 -1.04645
5.67 -1.05527
5.685 -1.06409
5.7 -1.07291
5.715 -1.08173
5.73 -1.09055
5.745 -1.09936
5.76 -1.10818
5.775 -1.11699
5.79 -1.1258
5.805 -1.1346
5.82 -1.1434
5.835 -1.1522
5.85 -1.16099
5.865 -1.16978
5.88 -1.17855
5.895 -1.18733
5.91 -1.19609
5.925 -1.20485
5.94 -1.2136
5.955 -1.22234
5.97 -1.23108
5.985 -1.2398
6 -1.24852
dB(St(FloquetPort2:1,FloquetPort1:1)) []
__settings__ -1 9 2 0 1 1
